1 0 6 0 12 0
6 0 1 0 7 0 12 0 30 0
7 0 6 0 30 0 32 0 46 0
12 0 1 0 6 0 30 0 31 1 38 0
30 0 6 0 7 0 12 0 31 0 31 1 32 0
31 0 31 0 30 0 32 0 33 0 40 0
31 1 31 1 12 0 30 0 32 0 33 0 33 1 38 0 40 1
32 0 7 0 30 0 31 0 31 1 33 0 33 1 46 0 51 0 52 0
33 0 31 0 31 1 32 0 38 0 40 0 52 0 61 0
33 1 31 1 32 0 38 0 40 1
38 0 38 0 12 0 31 1 33 0 33 1 39 0 40 1 41 1
39 0 39 0 38 0 40 1 41 1 91 0 93 1
40 0 31 0 33 0 41 0 61 0 62 0
40 1 31 1 33 1 38 0 39 0 41 1
41 0 40 0 62 0 93 0
41 1 38 0 39 0 40 1 91 0 93 1
46 0 7 0 32 0 51 0
51 0 32 0 46 0 52 0
52 0 32 0 33 0 51 0 61 0
61 0 33 0 40 0 52 0 62 0
62 0 40 0 41 0 61 0 93 0 129 0
74 0 74 0 82 0 91 0 92 1
82 0 82 0 74 0 83 0 92 1 99 1
83 0 83 0 82 0 99 1 100 1
91 0 91 0 39 0 41 1 74 0 92 1 93 1
92 0 93 0 94 0 101 0
92 1 74 0 82 0 91 0 93 1 94 1 99 1 101 1 101 2
93 0 41 0 62 0 92 0 94 0 129 0 130 0
93 1 39 0 41 1 91 0 92 1 94 1
94 0 92 0 93 0 101 0 129 0 130 0 138 0
94 1 92 1 93 1 101 2
99 0 100 0 101 0
99 1 82 0 83 0 92 1 100 1 101 1 101 2
100 0 99 0
100 1 83 0 99 1
101 0 92 0 94 0 99 0 102 0 130 0 138 0
101 1 92 1 99 1 102 1
101 2 92 1 94 1 99 1 102 1
102 0 102 0 101 0 113 0 138 0 139 0
102 1 102 1 101 1 101 2 113 0
113 0 113 0 102 0 102 1
129 0 62 0 93 0 94 0 130 0
130 0 93 0 94 0 101 0 129 0 138 0
138 0 94 0 101 0 102 0 130 0
139 0 102 0
4 0 4 0 15 0 15 1
15 0 4 0 17 0
15 1 4 0 17 0
17 0 17 0 15 0 15 1 25 0 25 1 25 2
25 0 25 0 17 0 27 0
25 1 25 1 17 0
25 2 25 2 17 0 27 1
27 0 27 0 25 0 76 0
27 1 27 1 25 2 76 1
76 0 76 0 27 0 78 0
76 1 76 1 27 1 78 0
78 0 78 0 76 0 76 1 85 0
85 0 85 0 78 0
8 0 8 0 9 0 34 0
9 0 8 0 34 0 36 0 36 1 48 0
18 0 18 0 34 0 37 0 42 0
29 0 29 0 42 0 43 0 79 0 95 0
34 0 8 0 9 0 18 0 36 0 36 1 37 0
36 0 9 0 34 0 37 0
36 1 9 0 34 0 37 0 37 1 48 0 55 0 56 0
37 0 18 0 34 0 36 0 36 1 42 0 44 0 44 2 56 0
37 1 36 1 44 1 56 0
42 0 42 0 18 0 29 0 37 0 43 0 44 0 44 2
43 0 29 0 42 0 44 0 45 0 95 0 97 0
43 1 44 1 45 1 95 1 97 1
44 0 37 0 42 0 43 0 45 0
44 1 37 1 43 1 45 1 56 0 65 0
44 2 37 0 42 0 56 0 65 0
45 0 43 0 44 0 95 0 97 0
45 1 43 1 44 1 65 0 95 1 97 1
48 0 9 0 36 1 55 0
55 0 36 1 48 0 56 0 65 0
56 0 36 1 37 0 37 1 44 1 44 2 55 0 65 0
65 0 44 1 44 2 45 1 55 0 56 0
79 0 29 0 80 0 95 0 96 0
80 0 80 0 79 0 88 0 95 0 96 0 103 0
88 0 80 0 96 0 103 0 105 0
95 0 29 0 43 0 45 0 79 0 80 0 96 0 97 0 98 0 98 1
95 1 43 1 45 1 96 1 97 1 98 2
96 0 79 0 80 0 88 0 95 0 97 0 98 0 98 1 103 0
96 1 95 1 97 1 98 2 103 1
97 0 43 0 45 0 95 0 96 0 98 0
97 1 43 1 45 1 95 1 96 1 98 2 132 0 133 0
98 0 95 0 96 0 97 0 103 0 106 0
98 1 95 0 96 0 103 0 106 0
98 2 95 1 96 1 97 1 103 1 106 1 132 0 133 0 140 0
103 0 80 0 88 0 96 0 98 0 98 1 105 0 106 0
103 1 96 1 98 2 105 1 106 1
105 0 88 0 103 0 116 0
105 1 103 1 116 0
106 0 98 0 98 1 103 0 116 0
106 1 98 2 103 1 116 0 140 0
116 0 116 0 105 0 105 1 106 0 106 1
132 0 97 1 98 2 133 0
133 0 97 1 98 2 132 0 140 0
140 0 98 2 106 1 133 0
11 0 11 0 20 0
11 1 11 1 20 1
20 0 11 0 21 0
20 1 11 1 21 1
21 0 20 0 71 0
21 1 20 1 71 1
71 0 21 0 72 0
71 1 21 1 72 0
72 0 71 0 71 1 81 0
81 0 72 0
47 0 47 0 53 0
53 0 47 0 54 0
54 0 54 0 53 0 63 0 63 1
63 0 54 0
63 1 54 0
49 0 49 0 57 0
57 0 57 0 49 0 59 0
59 0 59 0 57 0 67 0 67 1
67 0 67 0 59 0 69 0
67 1 67 1 59 0 69 1
69 0 69 0 67 0 134 0
69 1 69 1 67 1 134 1
134 0 134 0 69 0 136 0
134 1 134 1 69 1 136 1
136 0 136 0 134 0 143 0
136 1 136 1 134 1 143 0
143 0 143 0 136 0 136 1
87 0 87 0 90 0
90 0 87 0
108 0 108 0 120 0 142 0
108 1 108 1 120 0 142 0
120 0 108 0 108 1
142 0 142 0 108 0 108 1
