1 0 120 140 160 180 200 220 240 260 280 300
6 0 140 160 180 200 220 240 260 280 300 320 340
7 0 0 20 160 180 200 220 240 260 280 300 320 340
12 0 260 280 300 320
30 0 0 140 160 180 200 220 240 260 280 300 320 340
31 0 0
31 1 140 160 180 200 220 240 260 280 300
32 0 0 20 40 180 200 220 240 260 280 300 320 340
33 0 0 20 40 240 260 280 300 320 340
33 1 160 180 200
38 0 140 160 180 200 220 240 260 280
39 0 140 160 180 200 220
40 0 0 20 40 320 340
40 1 160 180 200
41 0 0 20 340
41 1 160 180 200
46 0 0 20 40 200 220 240 260 280 300 320 340
51 0 0 20 40 60 220 240 260 280 300 320 340
52 0 0 20 40 60 240 260 280 300 320 340
61 0 0 20 40 60 260 280 300 320 340
62 0 0 20 40 60 300 320 340
74 0 100 120 140 160 180 200 220 240
82 0 100 120 140 160 180 200 220 240
83 0 80 100 120 140 160 180 200 220 240
91 0 140 160 180 200 220 240
92 0 0
92 1 120 140 160 180 200 220
93 0 0 20 320 340
93 1 160 180 200
94 0 0 20 40 60 320 340
94 1 180 200
99 0 40
99 1 100 120 140 160 180 200 220
100 0 0 20 40 60
100 1 100 120 140 160 180 200 220
101 0 0 20 40 60 320 340
101 1 140
101 2 180
102 0 0 20 40 60 80 320 340
102 1 120 140 160 180
113 0 0 20 40 60 80 100 120 140 160 180 320 340
129 0 0 20 40 60 300 320 340
130 0 0 20 40 60 80 300 320 340
138 0 0 20 40 60 80 300 320 340
139 0 0 20 40 60 80 300 320 340
4 0 0 20 40 60 80 100 120 140 160 180 200 220 240 320 340
15 0 0 20 40 60 80 100 320 340
15 1 160 180 200 220
17 0 0 20 40 60 80 100 120 140 160 180 200 220 240 320 340
25 0 0 20 40 320 340
25 1 80
25 2 120 140 160 180 200 220 240
27 0 0 20 40 320 340
27 1 120 140 160 180 200 220 240
76 0 0 20 40 320 340
76 1 120 140 160 180 200 220 240
78 0 0 20 40 120 140 160 180 200 220 240 260 280 300 320 340
85 0 0 20 40 120 140 160 180 200 220 240 260 280 300 320 340
8 0 0 20 40 60 200 220 240 260 280 300 320 340
9 0 0 20 160 180 200 220 240 260 280 300 320 340
18 0 0 20 40 240 260 280 300 320 340
29 0 0 20 40 60 300 320 340
34 0 0 20 40 220 240 260 280 300 320 340
36 0 0
36 1 140 160 180 200 220 240 260 280 300 320
37 0 0 20 40 240 260 280 300 320 340
37 1 160 180 200
42 0 0 20 40 260 280 300 320 340
43 0 0 20 40 320 340
43 1 180
44 0 0 20 340
44 1 160 180 200
44 2 260 280
45 0 0 340
45 1 140 160 180 200 220
48 0 120 140 160 180 200 220 240 260 280 300 320
55 0 260 280 300 320
56 0 140 160 180 200 220 240 260 280 300
65 0 120 140 160 180 200 220 240 260 280
79 0 0 20 40 60 300 320 340
80 0 0 20 40 60 80 300 320 340
88 0 0 20 40 60 80 300 320 340
95 0 0 20 40 320 340
95 1 180
96 0 0 20 40 60 320 340
96 1 180 200
97 0 0 340
97 1 140 160 180 200 220
98 0 0
98 1 40
98 2 120 140 160 180 200 220
103 0 0 20 40 60 80 320 340
103 1 140 160 180
105 0 0 20 40 60 80 320 340
105 1 120 140 160 180
106 0 0 20 40 60
106 1 100 120 140 160 180 200 220
116 0 0 20 40 60 80 100 120 140 160 180 200 340
132 0 120 140 160 180 200 220 240
133 0 100 120 140 160 180 200 220 240
140 0 100 120 140 160 180 200 220 240
11 0 0 20 40 320 340
11 1 120 140 160 180 200 220
20 0 0 20 40 60 320 340
20 1 140 160 180 200 220
21 0 0 20 40 60 320 340
21 1 140 160 180 200 220
71 0 0 20 40 60 320 340
71 1 140 160 180 200 220
72 0 0 20 40 60 140 160 180 200 220 240 260 280 300 320 340
81 0 0 20 40 60 140 160 180 200 220 240 260 280 300 320 340
47 0 0 20 40 60 140 160 180 200 220 240 260 280 300 320 340
53 0 0 20 40 60 140 160 180 200 220 240 260 280 300 320 340
54 0 0 20 40 60 140 160 180 200 220 240 260 280 300 320 340
63 0 0 20 40 60 300 320 340
63 1 140 160 180 200 220
49 0 0 20 40 60 120 140 160 180 200 220 240 260 280 300 320 340
57 0 0 20 40 120 140 160 180 200 220 240 260 280 300 320 340
59 0 0 20 40 60 120 140 160 180 200 220 240 260 280 300 320 340
67 0 0 20 40 300 320 340
67 1 120 140 160 180 200 220
69 0 0 20 40 320 340
69 1 120 140 160 180 200 220 240
134 0 0 20 40 320 340
134 1 120 140 160 180 200 220 240
136 0 0 20 40 60 300 320 340
136 1 120 140 160 180 200 220 240
143 0 0 20 40 60 80 100 120 140 160 180 200 220 240 320 340
87 0 0 20 40 60 80 100 120 140 160 180 200 220 240 260 340
90 0 0 20 40 60 80 100 120 140 160 180 200 220 240 340
108 0 0 20 40 280 300 320 340
108 1 120 140 160 180
120 0 0 20 40 60 80 100 120 140 160 180 200 220 300 320 340
142 0 0 20 40 100 120 140 160 180 200 220 240 260 280 300 320 340
