1 120 0
1 140 0
1 160 0
1 180 0
1 200 0
1 220 0
1 240 0
1 260 0
1 280 0
1 300 0
6 140 0
6 160 0
6 180 0
6 200 0
6 220 0
6 240 0
6 260 0
6 280 0
6 300 0
6 320 0
6 340 0
7 0 0
7 20 0
7 160 0
7 180 0
7 200 0
7 220 0
7 240 0
7 260 0
7 280 0
7 300 0
7 320 0
7 340 0
12 260 0
12 280 0
12 300 0
12 320 0
30 0 0
30 140 0
30 160 0
30 180 0
30 200 0
30 220 0
30 240 0
30 260 0
30 280 0
30 300 0
30 320 0
30 340 0
31 0 0
31 140 1
31 160 1
31 180 1
31 200 1
31 220 1
31 240 1
31 260 1
31 280 1
31 300 1
32 0 0
32 20 0
32 40 0
32 180 0
32 200 0
32 220 0
32 240 0
32 260 0
32 280 0
32 300 0
32 320 0
32 340 0
33 0 0
33 20 0
33 40 0
33 240 0
33 260 0
33 280 0
33 300 0
33 320 0
33 340 0
33 160 1
33 180 1
33 200 1
38 140 0
38 160 0
38 180 0
38 200 0
38 220 0
38 240 0
38 260 0
38 280 0
39 140 0
39 160 0
39 180 0
39 200 0
39 220 0
40 0 0
40 20 0
40 40 0
40 320 0
40 340 0
40 160 1
40 180 1
40 200 1
41 0 0
41 20 0
41 340 0
41 160 1
41 180 1
41 200 1
46 0 0
46 20 0
46 40 0
46 200 0
46 220 0
46 240 0
46 260 0
46 280 0
46 300 0
46 320 0
46 340 0
51 0 0
51 20 0
51 40 0
51 60 0
51 220 0
51 240 0
51 260 0
51 280 0
51 300 0
51 320 0
51 340 0
52 0 0
52 20 0
52 40 0
52 60 0
52 240 0
52 260 0
52 280 0
52 300 0
52 320 0
52 340 0
61 0 0
61 20 0
61 40 0
61 60 0
61 260 0
61 280 0
61 300 0
61 320 0
61 340 0
62 0 0
62 20 0
62 40 0
62 60 0
62 300 0
62 320 0
62 340 0
74 100 0
74 120 0
74 140 0
74 160 0
74 180 0
74 200 0
74 220 0
74 240 0
82 100 0
82 120 0
82 140 0
82 160 0
82 180 0
82 200 0
82 220 0
82 240 0
83 80 0
83 100 0
83 120 0
83 140 0
83 160 0
83 180 0
83 200 0
83 220 0
83 240 0
91 140 0
91 160 0
91 180 0
91 200 0
91 220 0
91 240 0
92 0 0
92 120 1
92 140 1
92 160 1
92 180 1
92 200 1
92 220 1
93 0 0
93 20 0
93 320 0
93 340 0
93 160 1
93 180 1
93 200 1
94 0 0
94 20 0
94 40 0
94 60 0
94 320 0
94 340 0
94 180 1
94 200 1
99 40 0
99 100 1
99 120 1
99 140 1
99 160 1
99 180 1
99 200 1
99 220 1
100 0 0
100 20 0
100 40 0
100 60 0
100 100 1
100 120 1
100 140 1
100 160 1
100 180 1
100 200 1
100 220 1
101 0 0
101 20 0
101 40 0
101 60 0
101 320 0
101 340 0
101 140 1
101 180 2
102 0 0
102 20 0
102 40 0
102 60 0
102 80 0
102 320 0
102 340 0
102 120 1
102 140 1
102 160 1
102 180 1
113 0 0
113 20 0
113 40 0
113 60 0
113 80 0
113 100 0
113 120 0
113 140 0
113 160 0
113 180 0
113 320 0
113 340 0
129 0 0
129 20 0
129 40 0
129 60 0
129 300 0
129 320 0
129 340 0
130 0 0
130 20 0
130 40 0
130 60 0
130 80 0
130 300 0
130 320 0
130 340 0
138 0 0
138 20 0
138 40 0
138 60 0
138 80 0
138 300 0
138 320 0
138 340 0
139 0 0
139 20 0
139 40 0
139 60 0
139 80 0
139 300 0
139 320 0
139 340 0
4 0 0
4 20 0
4 40 0
4 60 0
4 80 0
4 100 0
4 120 0
4 140 0
4 160 0
4 180 0
4 200 0
4 220 0
4 240 0
4 320 0
4 340 0
15 0 0
15 20 0
15 40 0
15 60 0
15 80 0
15 100 0
15 320 0
15 340 0
15 160 1
15 180 1
15 200 1
15 220 1
17 0 0
17 20 0
17 40 0
17 60 0
17 80 0
17 100 0
17 120 0
17 140 0
17 160 0
17 180 0
17 200 0
17 220 0
17 240 0
17 320 0
17 340 0
25 0 0
25 20 0
25 40 0
25 320 0
25 340 0
25 80 1
25 120 2
25 140 2
25 160 2
25 180 2
25 200 2
25 220 2
25 240 2
27 0 0
27 20 0
27 40 0
27 320 0
27 340 0
27 120 1
27 140 1
27 160 1
27 180 1
27 200 1
27 220 1
27 240 1
76 0 0
76 20 0
76 40 0
76 320 0
76 340 0
76 120 1
76 140 1
76 160 1
76 180 1
76 200 1
76 220 1
76 240 1
78 0 0
78 20 0
78 40 0
78 120 0
78 140 0
78 160 0
78 180 0
78 200 0
78 220 0
78 240 0
78 260 0
78 280 0
78 300 0
78 320 0
78 340 0
85 0 0
85 20 0
85 40 0
85 120 0
85 140 0
85 160 0
85 180 0
85 200 0
85 220 0
85 240 0
85 260 0
85 280 0
85 300 0
85 320 0
85 340 0
8 0 0
8 20 0
8 40 0
8 60 0
8 200 0
8 220 0
8 240 0
8 260 0
8 280 0
8 300 0
8 320 0
8 340 0
9 0 0
9 20 0
9 160 0
9 180 0
9 200 0
9 220 0
9 240 0
9 260 0
9 280 0
9 300 0
9 320 0
9 340 0
18 0 0
18 20 0
18 40 0
18 240 0
18 260 0
18 280 0
18 300 0
18 320 0
18 340 0
29 0 0
29 20 0
29 40 0
29 60 0
29 300 0
29 320 0
29 340 0
34 0 0
34 20 0
34 40 0
34 220 0
34 240 0
34 260 0
34 280 0
34 300 0
34 320 0
34 340 0
36 0 0
36 140 1
36 160 1
36 180 1
36 200 1
36 220 1
36 240 1
36 260 1
36 280 1
36 300 1
36 320 1
37 0 0
37 20 0
37 40 0
37 240 0
37 260 0
37 280 0
37 300 0
37 320 0
37 340 0
37 160 1
37 180 1
37 200 1
42 0 0
42 20 0
42 40 0
42 260 0
42 280 0
42 300 0
42 320 0
42 340 0
43 0 0
43 20 0
43 40 0
43 320 0
43 340 0
43 180 1
44 0 0
44 20 0
44 340 0
44 160 1
44 180 1
44 200 1
44 260 2
44 280 2
45 0 0
45 340 0
45 140 1
45 160 1
45 180 1
45 200 1
45 220 1
48 120 0
48 140 0
48 160 0
48 180 0
48 200 0
48 220 0
48 240 0
48 260 0
48 280 0
48 300 0
48 320 0
55 260 0
55 280 0
55 300 0
55 320 0
56 140 0
56 160 0
56 180 0
56 200 0
56 220 0
56 240 0
56 260 0
56 280 0
56 300 0
65 120 0
65 140 0
65 160 0
65 180 0
65 200 0
65 220 0
65 240 0
65 260 0
65 280 0
79 0 0
79 20 0
79 40 0
79 60 0
79 300 0
79 320 0
79 340 0
80 0 0
80 20 0
80 40 0
80 60 0
80 80 0
80 300 0
80 320 0
80 340 0
88 0 0
88 20 0
88 40 0
88 60 0
88 80 0
88 300 0
88 320 0
88 340 0
95 0 0
95 20 0
95 40 0
95 320 0
95 340 0
95 180 1
96 0 0
96 20 0
96 40 0
96 60 0
96 320 0
96 340 0
96 180 1
96 200 1
97 0 0
97 340 0
97 140 1
97 160 1
97 180 1
97 200 1
97 220 1
98 0 0
98 40 1
98 120 2
98 140 2
98 160 2
98 180 2
98 200 2
98 220 2
103 0 0
103 20 0
103 40 0
103 60 0
103 80 0
103 320 0
103 340 0
103 140 1
103 160 1
103 180 1
105 0 0
105 20 0
105 40 0
105 60 0
105 80 0
105 320 0
105 340 0
105 120 1
105 140 1
105 160 1
105 180 1
106 0 0
106 20 0
106 40 0
106 60 0
106 100 1
106 120 1
106 140 1
106 160 1
106 180 1
106 200 1
106 220 1
116 0 0
116 20 0
116 40 0
116 60 0
116 80 0
116 100 0
116 120 0
116 140 0
116 160 0
116 180 0
116 200 0
116 340 0
132 120 0
132 140 0
132 160 0
132 180 0
132 200 0
132 220 0
132 240 0
133 100 0
133 120 0
133 140 0
133 160 0
133 180 0
133 200 0
133 220 0
133 240 0
140 100 0
140 120 0
140 140 0
140 160 0
140 180 0
140 200 0
140 220 0
140 240 0
11 0 0
11 20 0
11 40 0
11 320 0
11 340 0
11 120 1
11 140 1
11 160 1
11 180 1
11 200 1
11 220 1
20 0 0
20 20 0
20 40 0
20 60 0
20 320 0
20 340 0
20 140 1
20 160 1
20 180 1
20 200 1
20 220 1
21 0 0
21 20 0
21 40 0
21 60 0
21 320 0
21 340 0
21 140 1
21 160 1
21 180 1
21 200 1
21 220 1
71 0 0
71 20 0
71 40 0
71 60 0
71 320 0
71 340 0
71 140 1
71 160 1
71 180 1
71 200 1
71 220 1
72 0 0
72 20 0
72 40 0
72 60 0
72 140 0
72 160 0
72 180 0
72 200 0
72 220 0
72 240 0
72 260 0
72 280 0
72 300 0
72 320 0
72 340 0
81 0 0
81 20 0
81 40 0
81 60 0
81 140 0
81 160 0
81 180 0
81 200 0
81 220 0
81 240 0
81 260 0
81 280 0
81 300 0
81 320 0
81 340 0
47 0 0
47 20 0
47 40 0
47 60 0
47 140 0
47 160 0
47 180 0
47 200 0
47 220 0
47 240 0
47 260 0
47 280 0
47 300 0
47 320 0
47 340 0
53 0 0
53 20 0
53 40 0
53 60 0
53 140 0
53 160 0
53 180 0
53 200 0
53 220 0
53 240 0
53 260 0
53 280 0
53 300 0
53 320 0
53 340 0
54 0 0
54 20 0
54 40 0
54 60 0
54 140 0
54 160 0
54 180 0
54 200 0
54 220 0
54 240 0
54 260 0
54 280 0
54 300 0
54 320 0
54 340 0
63 0 0
63 20 0
63 40 0
63 60 0
63 300 0
63 320 0
63 340 0
63 140 1
63 160 1
63 180 1
63 200 1
63 220 1
49 0 0
49 20 0
49 40 0
49 60 0
49 120 0
49 140 0
49 160 0
49 180 0
49 200 0
49 220 0
49 240 0
49 260 0
49 280 0
49 300 0
49 320 0
49 340 0
57 0 0
57 20 0
57 40 0
57 120 0
57 140 0
57 160 0
57 180 0
57 200 0
57 220 0
57 240 0
57 260 0
57 280 0
57 300 0
57 320 0
57 340 0
59 0 0
59 20 0
59 40 0
59 60 0
59 120 0
59 140 0
59 160 0
59 180 0
59 200 0
59 220 0
59 240 0
59 260 0
59 280 0
59 300 0
59 320 0
59 340 0
67 0 0
67 20 0
67 40 0
67 300 0
67 320 0
67 340 0
67 120 1
67 140 1
67 160 1
67 180 1
67 200 1
67 220 1
69 0 0
69 20 0
69 40 0
69 320 0
69 340 0
69 120 1
69 140 1
69 160 1
69 180 1
69 200 1
69 220 1
69 240 1
134 0 0
134 20 0
134 40 0
134 320 0
134 340 0
134 120 1
134 140 1
134 160 1
134 180 1
134 200 1
134 220 1
134 240 1
136 0 0
136 20 0
136 40 0
136 60 0
136 300 0
136 320 0
136 340 0
136 120 1
136 140 1
136 160 1
136 180 1
136 200 1
136 220 1
136 240 1
143 0 0
143 20 0
143 40 0
143 60 0
143 80 0
143 100 0
143 120 0
143 140 0
143 160 0
143 180 0
143 200 0
143 220 0
143 240 0
143 320 0
143 340 0
87 0 0
87 20 0
87 40 0
87 60 0
87 80 0
87 100 0
87 120 0
87 140 0
87 160 0
87 180 0
87 200 0
87 220 0
87 240 0
87 260 0
87 340 0
90 0 0
90 20 0
90 40 0
90 60 0
90 80 0
90 100 0
90 120 0
90 140 0
90 160 0
90 180 0
90 200 0
90 220 0
90 240 0
90 340 0
108 0 0
108 20 0
108 40 0
108 280 0
108 300 0
108 320 0
108 340 0
108 120 1
108 140 1
108 160 1
108 180 1
120 0 0
120 20 0
120 40 0
120 60 0
120 80 0
120 100 0
120 120 0
120 140 0
120 160 0
120 180 0
120 200 0
120 220 0
120 300 0
120 320 0
120 340 0
142 0 0
142 20 0
142 40 0
142 100 0
142 120 0
142 140 0
142 160 0
142 180 0
142 200 0
142 220 0
142 240 0
142 260 0
142 280 0
142 300 0
142 320 0
142 340 0
