1 0 0
6 0 0
7 0 0
12 0 0
30 0 0
31 0 0
31 1 0
32 0 0
33 0 0
33 1 0
38 0 0
39 0 0
40 0 0
40 1 0
41 0 0
41 1 0
46 0 0
51 0 0
52 0 0
61 0 0
62 0 0
74 0 0
82 0 0
83 0 0
91 0 0
92 0 0
92 1 0
93 0 0
93 1 0
94 0 0
94 1 0
99 0 0
99 1 0
100 0 0
100 1 0
101 0 0
101 1 0
101 2 0
102 0 0
102 1 0
113 0 0
129 0 0
130 0 0
138 0 0
139 0 0
4 0 1
15 0 1
15 1 1
17 0 1
25 0 1
25 1 1
25 2 1
27 0 1
27 1 1
76 0 1
76 1 1
78 0 1
85 0 1
8 0 2
9 0 2
18 0 2
29 0 2
34 0 2
36 0 2
36 1 2
37 0 2
37 1 2
42 0 2
43 0 2
43 1 2
44 0 2
44 1 2
44 2 2
45 0 2
45 1 2
48 0 2
55 0 2
56 0 2
65 0 2
79 0 2
80 0 2
88 0 2
95 0 2
95 1 2
96 0 2
96 1 2
97 0 2
97 1 2
98 0 2
98 1 2
98 2 2
103 0 2
103 1 2
105 0 2
105 1 2
106 0 2
106 1 2
116 0 2
132 0 2
133 0 2
140 0 2
11 0 4
11 1 4
20 0 4
20 1 4
21 0 4
21 1 4
71 0 4
71 1 4
72 0 4
81 0 4
47 0 5
53 0 5
54 0 5
63 0 5
63 1 5
49 0 6
57 0 6
59 0 6
67 0 6
67 1 6
69 0 6
69 1 6
134 0 6
134 1 6
136 0 6
136 1 6
143 0 6
87 0 8
90 0 8
108 0 10
108 1 10
120 0 10
142 0 10
