1 0 -0.0251211 -0.0388047 -0.0107446
6 0 -0.012116 -0.0398204 -0.0158559
7 0 -0.000224312 -0.0383511 -0.016865
12 0 -0.0204297 -0.0284865 -0.0126819
30 0 -0.00807474 -0.0322153 -0.0163628
31 0 -0.00770082 -0.0205048 -0.0160233
31 1 -0.00770082 -0.0205048 -0.0160233
32 0 0.00493994 -0.0286045 -0.0164971
33 0 0.0036704 -0.0171585 -0.0162362
33 1 0.0036704 -0.0171585 -0.0162362
38 0 -0.0129566 -0.00927639 -0.014527
39 0 -0.0138234 0.00306433 -0.0139309
40 0 0.00353763 -0.00546181 -0.0156484
40 1 0.00353763 -0.00546181 -0.0156484
41 0 -0.000507131 0.00357531 -0.0154913
41 1 -0.000507131 0.00357531 -0.0154913
46 0 0.00941783 -0.0393183 -0.0158542
51 0 0.0171057 -0.0321556 -0.0135267
52 0 0.015657 -0.0210361 -0.013972
61 0 0.0158857 -0.00899587 -0.0133774
62 0 0.0151494 0.00431752 -0.0128729
74 0 -0.0192932 0.0262204 -0.0116393
82 0 -0.0187902 0.0390576 -0.0112461
83 0 -0.0215852 0.0509816 -0.00860675
91 0 -0.0136778 0.0149893 -0.0136277
92 0 -0.0080478 0.0290416 -0.0140727
92 1 -0.0080478 0.0290416 -0.0140727
93 0 0.00193676 0.0149867 -0.0148457
93 1 0.00193676 0.0149867 -0.0148457
94 0 0.00395506 0.0270043 -0.0142664
94 1 0.00395506 0.0270043 -0.0142664
99 0 -0.0100805 0.0436119 -0.013002
99 1 -0.0100805 0.0436119 -0.013002
100 0 -0.00912305 0.0549364 -0.0113533
100 1 -0.00912305 0.0549364 -0.0113533
101 0 0.00452643 0.0395425 -0.0134979
101 1 0.00452643 0.0395425 -0.0134979
101 2 0.00452643 0.0395425 -0.0134979
102 0 0.00400523 0.0525151 -0.011889
102 1 0.00400523 0.0525151 -0.011889
113 0 0.00393107 0.0675013 -0.00911765
129 0 0.0172745 0.0150642 -0.0116235
130 0 0.0168498 0.0269701 -0.01119
138 0 0.0161459 0.0403386 -0.0106174
139 0 0.0152215 0.053729 -0.00798573
4 0 -0.0275028 -0.0386264 0.00427235
15 0 -0.0241951 -0.0296924 0.00668795
15 1 -0.0241951 -0.0296924 0.00668795
17 0 -0.0262352 -0.0201665 0.00494623
25 0 -0.0259793 -0.0089591 0.0056356
25 1 -0.0259793 -0.0089591 0.0056356
25 2 -0.0259793 -0.0089591 0.0056356
27 0 -0.0272385 0.00323338 0.00500741
27 1 -0.0272385 0.00323338 0.00500741
76 0 -0.0294875 0.0146059 0.00398217
76 1 -0.0294875 0.0146059 0.00398217
78 0 -0.0295228 0.0270403 0.00519567
85 0 -0.0303588 0.0401925 0.00532956
8 0 -0.016617 -0.0417463 0.00945666
9 0 0.000502819 -0.0401373 0.0114761
18 0 -0.0154318 -0.0209364 0.0112019
29 0 -0.019857 0.00507463 0.0113031
34 0 -0.0101706 -0.0328934 0.0118101
36 0 0.00736098 -0.0298591 0.0116151
36 1 0.00736098 -0.0298591 0.0116151
37 0 -0.00445348 -0.0201977 0.0131591
37 1 -0.00445348 -0.0201977 0.0131591
42 0 -0.0153414 -0.00911584 0.011661
43 0 -0.00809631 0.00229929 0.0140092
43 1 -0.00809631 0.00229929 0.0140092
44 0 0.000866272 -0.0089951 0.0135742
44 1 0.000866272 -0.0089951 0.0135742
44 2 0.000866272 -0.0089951 0.0135742
45 0 0.00498002 0.00194384 0.0136352
45 1 0.00498002 0.00194384 0.0136352
48 0 0.0161024 -0.0405177 0.00787559
55 0 0.0187194 -0.0280397 0.00791634
56 0 0.0101872 -0.0174679 0.0116643
65 0 0.0173971 -0.00952653 0.00944103
79 0 -0.0209342 0.0190811 0.0116035
80 0 -0.0205926 0.0310959 0.0121499
88 0 -0.0205612 0.0427311 0.0127744
95 0 -0.00808232 0.0169936 0.0147427
95 1 -0.00808232 0.0169936 0.0147427
96 0 -0.00685817 0.0310121 0.0154354
96 1 -0.00685817 0.0310121 0.0154354
97 0 0.00398456 0.0170323 0.0145396
97 1 0.00398456 0.0170323 0.0145396
98 0 0.00340792 0.0334483 0.0152959
98 1 0.00340792 0.0334483 0.0152959
98 2 0.00340792 0.0334483 0.0152959
103 0 -0.00890133 0.043254 0.0156734
103 1 -0.00890133 0.043254 0.0156734
105 0 -0.00784417 0.0548137 0.0152246
105 1 -0.00784417 0.0548137 0.0152246
106 0 0.00320805 0.0479179 0.0154153
106 1 0.00320805 0.0479179 0.0154153
116 0 -0.0032822 0.0648734 0.0154501
132 0 0.0171608 0.019056 0.0106619
133 0 0.0173824 0.0309863 0.0110308
140 0 0.0182083 0.0424641 0.0108079
11 0 -0.025589 -0.0201322 -0.0077096
11 1 -0.025589 -0.0201322 -0.0077096
20 0 -0.0251035 -0.00918268 -0.00809647
20 1 -0.0251035 -0.00918268 -0.00809647
21 0 -0.025372 0.00302094 -0.0077625
21 1 -0.025372 0.00302094 -0.0077625
71 0 -0.0260196 0.0146025 -0.00708096
71 1 -0.0260196 0.0146025 -0.00708096
72 0 -0.0283526 0.026424 -0.00443741
81 0 -0.0280561 0.0386416 -0.00522266
47 0 0.0245445 -0.0378415 -0.00908932
53 0 0.0245082 -0.0265313 -0.00792987
54 0 0.0240577 -0.0169883 -0.00860124
63 0 0.0235895 -0.00342624 -0.00831764
63 1 0.0235895 -0.00342624 -0.00831764
49 0 0.0260205 -0.0382003 0.00139913
57 0 0.0251315 -0.0288345 0.000904958
59 0 0.0261261 -0.0173254 0.0021785
67 0 0.025364 -0.0044639 0.00189718
67 1 0.025364 -0.0044639 0.00189718
69 0 0.024832 0.00754931 -0.00196162
69 1 0.024832 0.00754931 -0.00196162
134 0 0.0245359 0.0197466 -0.000895853
134 1 0.0245359 0.0197466 -0.000895853
136 0 0.0252394 0.032294 0.00104666
136 1 0.0252394 0.032294 0.00104666
143 0 0.0258984 0.0445651 -0.00128053
87 0 -0.0265871 0.0511586 0.0075097
90 0 -0.0173764 0.055565 0.00965617
108 0 0.00862243 0.0593063 0.0110147
108 1 0.00862243 0.0593063 0.0110147
120 0 0.0068081 0.0711282 0.00983504
142 0 0.0187662 0.0528747 0.00851696
