1 0 0
2 0 0
3 0 0
10 0 0
11 0 0
12 0 0
19 0 0
20 0 0
21 0 0
22 0 0
23 0 0
24 0 0
24 1 0
33 0 0
34 0 0
35 0 0
36 0 0
37 0 0
38 0 0
47 0 0
48 0 0
49 0 0
49 1 0
50 0 0
51 0 0
52 0 0
61 0 0
62 0 0
63 0 0
64 0 0
65 0 0
66 0 0
75 0 0
76 0 0
77 0 0
78 0 0
78 1 0
79 0 0
80 0 0
89 0 0
91 0 0
92 0 0
105 0 0
105 1 0
106 0 0
107 0 0
108 0 0
109 0 0
110 0 0
119 0 0
120 0 0
123 0 0
4 0 1
6 0 1
7 0 1
13 0 1
14 0 1
17 0 1
5 0 2
8 0 2
9 0 2
15 0 2
16 0 2
18 0 2
26 0 2
28 0 2
29 0 2
30 0 2
31 0 2
32 0 2
32 1 2
40 0 2
42 0 2
43 0 2
44 0 2
45 0 2
46 0 2
53 0 2
54 0 2
55 0 2
55 1 2
56 0 2
58 0 2
60 0 2
67 0 2
68 0 2
69 0 2
72 0 2
74 0 2
82 0 2
84 0 2
85 0 2
86 0 2
86 1 2
87 0 2
88 0 2
96 0 2
98 0 2
99 0 2
100 0 2
103 0 2
104 0 2
111 0 2
111 1 2
112 0 2
113 0 2
114 0 2
116 0 2
118 0 2
125 0 2
126 0 2
129 0 2
130 0 2
132 0 2
134 0 2
25 0 3
27 0 3
39 0 3
39 1 3
41 0 3
41 1 3
81 0 3
83 0 3
95 0 3
57 0 4
59 0 4
71 0 4
71 1 4
73 0 4
73 1 4
115 0 4
117 0 4
131 0 4
90 0 5
93 0 5
94 0 5
97 0 5
101 0 5
102 0 5
121 0 5
122 0 5
124 0 5
127 0 5
128 0 5
133 0 5
