1 0 120 140 160 180 200 220 240 260 280 300 320 340
2 0 140 160 180 200 220 240 260 280 300 320 340
3 0 160 180 200 220 240 260 280 300 320 340
10 0 0 20 220 240 260 280 300 320 340
11 0 0 20 40 200 220 240 260 280 300 320 340
12 0 0 20 40 60 220 240 260 280 300 320 340
19 0 120 140 160 180 200 220 240 260 280 300 320
20 0 120 140 160 180 200 220 240 260 280 300
21 0 140 160 180 200 220 240 260 280 300 320
22 0 160 180 200 220 240 260 280 300 320
23 0 140 160 180 200 220 240 260 280 300
24 0 160 180 200
24 1 260 280 300
33 0 120 140 160 180 200 220 240
34 0 120 140 160 180 200 220 240
35 0 140 160 180 200 220
36 0 160 180 200
37 0 140 160 180 200 220
38 0 160 180 200
47 0 0 20 220 240 260 280 300 320 340
48 0 0 20 40 220 240 260 280 300 320 340
49 0 0 20 340
49 1 260 280 300
50 0 0 20 40 260 280 300 320 340
51 0 0 20 40 60 220 240 260 280 300 320 340
52 0 0 20 40 60 260 280 300 320 340
61 0 0 20 340
62 0 0 20 40 320 340
63 0 0 20 340
64 0 0 20 40 320 340
65 0 0 20 40 60 300 320 340
66 0 0 20 40 60 300 320 340
75 0 80 100 120 140 160 180 200 220 240
76 0 60 80 100 120 140 160 180 200 220 240
77 0 80 100 120 140 160 180 200 220
78 0 80 100
78 1 160 180 200
79 0 60 80 100 120 140 160 180 200 220
80 0 60 80 100 120 140 160 180 200
89 0 40 60 80 100 120 140 160 180 200 220 240
91 0 40 60 80 100 120 140 160 180 200 220
92 0 40 60 80 100 120 140 160 180 200
105 0 0 20 340
105 1 80 100
106 0 0 20 40 60 80 100 120 320 340
107 0 0 20 40 60 80 100 120 140 340
108 0 0 20 40 60 80 100 120 140 320 340
109 0 0 20 40 60 80 100 300 320 340
110 0 0 20 40 60 80 100 120 140 300 320 340
119 0 0 20 40 60 80 100 120 140 160 340
120 0 0 20 40 60 80 100 120 140 160 320 340
123 0 0 20 40 60 80 100 120 140 160 300 320 340
4 0 40 60 80 100 120 140 160 180 200 220 240 260 280 300 320
6 0 40 60 80 100 120 140 160 180 200 220 240 260 280 300 320
7 0 40 60 80 100 120 140 160 180 200 220 240 260 280 300 320
13 0 0 20 40 60 80 100 120 140 220 240 260 280 300 320 340
14 0 0 20 40 60 80 100 120 140 220 240 260 280 300 320 340
17 0 0 20 40 60 80 100 120 140 220 240 260 280 300 320 340
5 0 40 60 80 100 120 140 160 180 200 220 240 260
8 0 40 60 80 100 120 140 160 180 200 220 240
9 0 40 60 80 100 120 140 160 180 200 220
15 0 0 20 40 60 80 100 120 140 160
16 0 0 20 40 60 80 100 120 140 160 340
18 0 0 20 40 60 80 100 120 140 160 320 340
26 0 60 80 100 120 140 160 180 200 220 240 260
28 0 80 100 120 140 160 180 200 220 240 260
29 0 60 80 100 120 140 160 180 200 220 240
30 0 60 80 100 120 140 160 180 200 220
31 0 80 100 120 140 160 180 200 220 240
32 0 80 100 120
32 1 180 200 220
40 0 140 160 180 200 220 240 260
42 0 140 160 180 200 220 240 260
43 0 160 180 200 220 240
44 0 180 200 220
45 0 140 160 180 200 220 240
46 0 180 200 220
53 0 0 20 40 60 80 100 120 140
54 0 0 20 40 60 80 100 120 140 340
55 0 0 20
55 1 80 100 120
56 0 0 20 40 60 80 100 120 340
58 0 0 20 40 60 80 100 120 140 320 340
60 0 0 20 40 60 80 100 120 320 340
67 0 0 20
68 0 0 20 40 60 340
69 0 0 20
72 0 0 20 40 60 80 320 340
74 0 0 20 40 60 80 320 340
82 0 140 160 180 200 220 240 260 280 300
84 0 140 160 180 200 220 240 260 280 300 320
85 0 140 160 180 200 220 240 260 280 300
86 0 180 200 220
86 1 260 280 300
87 0 140 160 180 200 220 240 260 280 300 320
88 0 180 200 220 240 260 280 300 320
96 0 140 160 180 200 220 240 260 280 300 320 340
98 0 140 160 180 200 220 240 260 280 300 320 340
99 0 160 180 200 220 240 260 280 300 320 340
100 0 180 200 220 240 260 280 300 320 340
103 0 140 160 180 200 220 240 260 280 300 320 340
104 0 180 200 220 240 260 280 300 320 340
111 0 0 20
111 1 260 280 300
112 0 0 20 40 60 260 280 300 320 340
113 0 0 20 240 260 280 300 320 340
114 0 0 20 40 60 240 260 280 300 320 340
116 0 0 20 40 60 80 260 280 300 320 340
118 0 0 20 40 60 80 240 260 280 300 320 340
125 0 0 20 40 240 260 280 300 320 340
126 0 0 20 40 60 220 240 260 280 300 320 340
129 0 0 20 220 240 260 280 300 320 340
130 0 0 20 40 60 220 240 260 280 300 320 340
132 0 0 20 40 60 80 240 260 280 300 320 340
134 0 0 20 40 60 80 220 240 260 280 300 320 340
25 0 0 20 40 60 80 100 120 140 220 240 260 280 300 320 340
27 0 0 20 40 60 80 100 120 140 220 240 260 280 300 320 340
39 0 40 60 80 100 120 140
39 1 220 240 260 280 300 320
41 0 40 60 80 100 120 140
41 1 220 240 260 280 300 320
81 0 40 60 80 100 120 140 160 180 200 220 240 260 280 300 320
83 0 40 60 80 100 120 140 160 180 200 220 240 260 280 300 320
95 0 40 60 80 100 120 140 160 180 200 220 240 260 280 300 320
57 0 40 60 80 100 120 140 160 180 200 220 240 260 280 300 320
59 0 40 60 80 100 120 140 160 180 200 220 240 260 280 300 320
71 0 40 60 80 100 120 140
71 1 220 240 260 280 300 320
73 0 40 60 80 100 120 140
73 1 220 240 260 280 300 320
115 0 0 20 40 60 80 100 120 140 220 240 260 280 300 320 340
117 0 0 20 40 60 80 100 120 140 220 240 260 280 300 320 340
131 0 0 20 40 60 80 100 120 140 220 240 260 280 300 320 340
90 0 40 60 80 100 120 140 160 180 200 220 240 260 280 300 320 340
93 0 40 60 80 100 120 140 160 180 200 220 240 260 280 300 320 340
94 0 40 60 80 100 120 140 160 180 200 220 240 260 280 300 320 340
97 0 40 60 80 100 120 140 160 180 200 220 240 260 280 300 320
101 0 40 60 80 100 120 140 160 180 200 220 240 260 280 300 320
102 0 20 40 60 80 100 120 140 160 180 200 220 240 260 280 300 320
121 0 0 20 40 60 80 100 120 140 200 220 240 260 280 300 320 340
122 0 0 20 40 60 80 100 120 140 200 220 240 260 280 300 320 340
124 0 0 20 40 60 80 100 120 140 200 220 240 260 280 300 320 340
127 0 0 20 40 60 80 100 120 140 160 220 240 260 280 300 320 340
128 0 0 20 40 60 80 100 120 140 160 220 240 260 280 300 320 340
133 0 0 20 40 60 80 100 120 140 220 240 260 280 300 320 340
