1 0 2 0 19 0 21 0
2 0 1 0 3 0 21 0 22 0
3 0 2 0 10 0 21 0 22 0
10 0 3 0 11 0 22 0 47 0 48 0
11 0 10 0 12 0 48 0 51 0
12 0 11 0 51 0
19 0 1 0 20 0 21 0 23 0
20 0 19 0 23 0 33 0 35 0
21 0 1 0 2 0 3 0 19 0 22 0 23 0 24 0 24 1
22 0 2 0 3 0 10 0 21 0 23 0 24 0 24 1 47 0 49 1
23 0 19 0 20 0 21 0 22 0 24 0 24 1 33 0 35 0 36 0
24 0 21 0 22 0 23 0 35 0 36 0
24 1 21 0 22 0 23 0 47 0 49 1
33 0 20 0 23 0 34 0 35 0 37 0
34 0 33 0 35 0 37 0 75 0 77 0
35 0 20 0 23 0 24 0 33 0 34 0 36 0 37 0 38 0
36 0 23 0 24 0 35 0 37 0 38 0
37 0 33 0 34 0 35 0 36 0 38 0 75 0 77 0 78 1
38 0 35 0 36 0 37 0 77 0 78 1
47 0 10 0 22 0 24 1 48 0 49 0 49 1 50 0
48 0 10 0 11 0 47 0 49 0 49 1 50 0 51 0
49 0 47 0 48 0 50 0 61 0
49 1 22 0 24 1 47 0 48 0 50 0
50 0 47 0 48 0 49 0 49 1 51 0 52 0 61 0 62 0 65 0
51 0 11 0 12 0 48 0 50 0 52 0
52 0 50 0 51 0 65 0
61 0 49 0 50 0 62 0 63 0 64 0
62 0 50 0 61 0 63 0 64 0 65 0 66 0
63 0 61 0 62 0 64 0 105 0
64 0 61 0 62 0 63 0 66 0 105 0 106 0 109 0
65 0 50 0 52 0 62 0 66 0
66 0 62 0 64 0 65 0 109 0
75 0 34 0 37 0 76 0 77 0
76 0 75 0 77 0 79 0 89 0
77 0 34 0 37 0 38 0 75 0 76 0 78 0 78 1 79 0 80 0
78 0 77 0 79 0 80 0 105 1 107 0
78 1 37 0 38 0 77 0 79 0 80 0
79 0 76 0 77 0 78 0 78 1 80 0 89 0 91 0 92 0
80 0 77 0 78 0 78 1 79 0 91 0 92 0 105 1 107 0 119 0
89 0 76 0 79 0 91 0
91 0 79 0 80 0 89 0 92 0
92 0 79 0 80 0 91 0 107 0 119 0
105 0 63 0 64 0 106 0 107 0
105 1 78 0 80 0 106 0 107 0
106 0 64 0 105 0 105 1 107 0 108 0 109 0 110 0
107 0 78 0 80 0 92 0 105 0 105 1 106 0 108 0 119 0
108 0 106 0 107 0 110 0 119 0 120 0 123 0
109 0 64 0 66 0 106 0 110 0
110 0 106 0 108 0 109 0 123 0
119 0 80 0 92 0 107 0 108 0 120 0
120 0 108 0 119 0 123 0
123 0 108 0 110 0 120 0
4 0 4 0 6 0
6 0 6 0 4 0 7 0
7 0 7 0 6 0 13 0
13 0 7 0 14 0
14 0 14 0 13 0 17 0
17 0 17 0 14 0
5 0 5 0 8 0 26 0
8 0 8 0 5 0 9 0 26 0 29 0 30 0
9 0 9 0 8 0 15 0 29 0 30 0 53 0
15 0 9 0 16 0 30 0 53 0 54 0
16 0 16 0 15 0 18 0 53 0 54 0 58 0
18 0 18 0 16 0 58 0
26 0 5 0 8 0 28 0 29 0 31 0
28 0 26 0 29 0 31 0 40 0 43 0
29 0 8 0 9 0 26 0 28 0 30 0 31 0
30 0 8 0 9 0 15 0 29 0 31 0 32 0 32 1 53 0 55 1
31 0 26 0 28 0 29 0 30 0 32 0 32 1 40 0 43 0 44 0
32 0 30 0 31 0 55 1
32 1 30 0 31 0 43 0 44 0
40 0 28 0 31 0 42 0 43 0
42 0 42 0 40 0 43 0 45 0 82 0
43 0 28 0 31 0 32 1 40 0 42 0 44 0 45 0 46 0
44 0 31 0 32 1 43 0 45 0 46 0
45 0 42 0 43 0 44 0 46 0 82 0 85 0 86 0
46 0 43 0 44 0 45 0 85 0 86 0
53 0 9 0 15 0 16 0 30 0 54 0 55 0 55 1 56 0
54 0 15 0 16 0 53 0 55 0 55 1 56 0 58 0 60 0
55 0 53 0 54 0 56 0 67 0 68 0
55 1 30 0 32 0 53 0 54 0 56 0
56 0 53 0 54 0 55 0 55 1 58 0 60 0 67 0 68 0 72 0
58 0 16 0 18 0 54 0 56 0 60 0
60 0 54 0 56 0 58 0 68 0 72 0
67 0 55 0 56 0 68 0 69 0
68 0 55 0 56 0 60 0 67 0 69 0 72 0 74 0
69 0 67 0 68 0 111 0 112 0
72 0 56 0 60 0 68 0 74 0
74 0 68 0 72 0 112 0 116 0
82 0 82 0 42 0 45 0 84 0 85 0
84 0 84 0 82 0 85 0 87 0 96 0
85 0 45 0 46 0 82 0 84 0 86 0 86 1 87 0 88 0
86 0 45 0 46 0 85 0 87 0 88 0
86 1 85 0 87 0 88 0 111 1 113 0
87 0 84 0 85 0 86 0 86 1 88 0 96 0 99 0
88 0 85 0 86 0 86 1 87 0 99 0 100 0 111 1 113 0
96 0 96 0 84 0 87 0 98 0 99 0 103 0
98 0 98 0 96 0 99 0 103 0
99 0 87 0 88 0 96 0 98 0 100 0 103 0 104 0
100 0 88 0 99 0 104 0 113 0 125 0 129 0
103 0 96 0 98 0 99 0 104 0
104 0 99 0 100 0 103 0 129 0
111 0 69 0 112 0 113 0 114 0
111 1 86 1 88 0 112 0 113 0 114 0
112 0 69 0 74 0 111 0 111 1 113 0 114 0 116 0 118 0
113 0 86 1 88 0 100 0 111 0 111 1 112 0 114 0 125 0
114 0 111 0 111 1 112 0 113 0 116 0 118 0 125 0 126 0 132 0
116 0 74 0 112 0 114 0 118 0
118 0 112 0 114 0 116 0 132 0
125 0 100 0 113 0 114 0 126 0 129 0 130 0
126 0 114 0 125 0 129 0 130 0 132 0
129 0 100 0 104 0 125 0 126 0 130 0
130 0 125 0 126 0 129 0 132 0 134 0
132 0 114 0 118 0 126 0 130 0 134 0
134 0 130 0 132 0
25 0 25 0 27 0
27 0 27 0 25 0 39 0 39 1
39 0 39 0 27 0 41 0
39 1 39 1 27 0 41 1
41 0 41 0 39 0 81 0
41 1 41 1 39 1 81 0
81 0 81 0 41 0 41 1 83 0
83 0 83 0 81 0 95 0
95 0 83 0
57 0 57 0 59 0
59 0 59 0 57 0 71 0 71 1
71 0 71 0 59 0 73 0
71 1 71 1 59 0 73 1
73 0 73 0 71 0 115 0
73 1 73 1 71 1 115 0
115 0 115 0 73 0 73 1 117 0
117 0 117 0 115 0 131 0
131 0 131 0 117 0
90 0 90 0 93 0 97 0
93 0 93 0 90 0 94 0 97 0 101 0 102 0
94 0 94 0 93 0 101 0 102 0 121 0 127 0
97 0 90 0 93 0 101 0
101 0 93 0 94 0 97 0 102 0
102 0 93 0 94 0 101 0 121 0 127 0
121 0 121 0 94 0 102 0 122 0 127 0 128 0
122 0 122 0 121 0 124 0 127 0 128 0 133 0
124 0 122 0 133 0
127 0 94 0 102 0 121 0 122 0 128 0
128 0 121 0 122 0 127 0 133 0
133 0 122 0 124 0 128 0
