1 0 -0.0420136 -0.0103463 -0.0307796
2 0 -0.0434589 -0.0103707 -0.0190632
3 0 -0.0432947 -0.0103807 -0.00702604
10 0 -0.0427535 -0.0103977 0.00547124
11 0 -0.0431904 -0.0103724 0.018245
12 0 -0.0425218 -0.0103337 0.0305978
19 0 -0.0303615 -0.0104161 -0.0305885
20 0 -0.0190033 -0.010462 -0.0305823
21 0 -0.0316148 -0.0105 -0.0188187
22 0 -0.0315216 -0.0105 -0.00702604
23 0 -0.019002 -0.0105 -0.0190443
24 0 -0.019002 -0.0105 -0.00702604
24 1 -0.019002 -0.0105 -0.00702604
33 0 -0.00697656 -0.010462 -0.0305823
34 0 0.00501732 -0.010462 -0.0305823
35 0 -0.00697656 -0.0105 -0.0190443
36 0 -0.00697656 -0.0105 -0.00702604
37 0 0.00501823 -0.0105 -0.0190443
38 0 0.00501823 -0.0105 -0.00702604
47 0 -0.0310273 -0.0105 0.00554687
48 0 -0.0313067 -0.0105 0.0174144
49 0 -0.0191058 -0.0105 0.00539361
49 1 -0.0191058 -0.0105 0.00539361
50 0 -0.0188953 -0.0105 0.0178474
51 0 -0.0310449 -0.0104519 0.0295062
52 0 -0.0192522 -0.0104562 0.030297
61 0 -0.00697656 -0.0105 0.00554687
62 0 -0.00686378 -0.0105 0.0178689
63 0 0.00501823 -0.0105 0.00554687
64 0 0.00559839 -0.0105 0.0178055
65 0 -0.00720935 -0.0104668 0.0298371
66 0 0.00490475 -0.0104663 0.0298815
75 0 0.017013 -0.0104544 -0.0306187
76 0 0.0283911 -0.0104622 -0.0303583
77 0 0.0169824 -0.0105 -0.0190443
78 0 0.0169824 -0.0105 -0.00702604
78 1 0.0169824 -0.0105 -0.00702604
79 0 0.029132 -0.0105 -0.0188414
80 0 0.0290078 -0.0105 -0.00702604
89 0 0.0400813 -0.0104519 -0.0306758
91 0 0.0405717 -0.0104985 -0.0190867
92 0 0.0405717 -0.0104985 -0.00706705
105 0 0.0168785 -0.0105 0.00539361
105 1 0.0168785 -0.0105 0.00539361
106 0 0.0181577 -0.0105 0.0176055
107 0 0.0289039 -0.0105 0.00539361
108 0 0.0297281 -0.0105 0.0175665
109 0 0.0168641 -0.0104665 0.02984
110 0 0.0289244 -0.0104601 0.0298361
119 0 0.0406114 -0.0104973 0.00554687
120 0 0.0405241 -0.0105 0.0175231
123 0 0.040677 -0.0104561 0.0296814
4 0 -0.0469566 0.000821351 -0.0308273
6 0 -0.047 0.000941472 -0.0190671
7 0 -0.047 0.000839111 -0.0070168
13 0 -0.047 0.00121235 0.00537869
14 0 -0.047 0.000718273 0.0178154
17 0 -0.0469598 0.00088536 0.0303681
5 0 -0.0416015 0.0104042 -0.0308127
8 0 -0.0415336 0.0104982 -0.0190033
9 0 -0.0415336 0.0104982 -0.00698364
15 0 -0.0415682 0.0104966 0.00554687
16 0 -0.0415744 0.0104963 0.0180191
18 0 -0.0416128 0.0104256 0.030387
26 0 -0.0305099 0.0104795 -0.0300225
28 0 -0.019002 0.0104795 -0.0300225
29 0 -0.0305099 0.0105 -0.0185316
30 0 -0.0300176 0.0105 -0.00702604
31 0 -0.019002 0.0105 -0.0185316
32 0 -0.0184929 0.0105 -0.00702604
32 1 -0.0184929 0.0105 -0.00702604
40 0 -0.00747727 0.0104795 -0.0300225
42 0 0.00379959 0.0104804 -0.0298928
43 0 -0.00697656 0.0105 -0.0185316
44 0 -0.00697656 0.0105 -0.00702604
45 0 0.00501823 0.0105 -0.0185316
46 0 0.00501823 0.0105 -0.00702604
53 0 -0.0305099 0.0105 0.00554687
54 0 -0.0305099 0.0105 0.0175231
55 0 -0.019002 0.0105 0.00554687
55 1 -0.019002 0.0105 0.00554687
56 0 -0.019002 0.0105 0.0175231
58 0 -0.0305266 0.0105 0.0288921
60 0 -0.019002 0.0105 0.0290286
67 0 -0.00697656 0.0105 0.00554687
68 0 -0.00697656 0.0105 0.0175231
69 0 0.00501823 0.0105 0.00554687
72 0 -0.00697656 0.0105 0.0290286
74 0 0.00501823 0.0105 0.0290286
82 0 0.0146153 0.0104778 -0.0303441
84 0 0.0249163 0.0104793 -0.030058
85 0 0.0165381 0.0105 -0.0187285
86 0 0.0164901 0.0105 -0.00702604
86 1 0.0164901 0.0105 -0.00702604
87 0 0.0270751 0.0105 -0.0187661
88 0 0.0267917 0.0105 -0.00735084
96 0 0.034496 0.0104802 -0.0297922
98 0 0.043441 0.0103527 -0.0299191
99 0 0.0361856 0.0105 -0.01703
100 0 0.0354853 0.0105 -0.00424901
103 0 0.0441132 0.0103346 -0.0187702
104 0 0.043696 0.0103499 -0.00734
111 0 0.0164901 0.0105 0.00554687
111 1 0.0164901 0.0105 0.00554687
112 0 0.0164901 0.0105 0.0175231
113 0 0.026379 0.0105 0.00546588
114 0 0.027025 0.0105 0.0175231
116 0 0.0164901 0.0105 0.0290286
118 0 0.0265191 0.0105 0.0290286
125 0 0.0353161 0.0105 0.00687813
126 0 0.0363516 0.0105 0.0173763
129 0 0.0438904 0.0103436 0.00540424
130 0 0.0442325 0.0103297 0.0182237
132 0 0.0353427 0.0105 0.0288114
134 0 0.0437633 0.0103485 0.0298597
25 0 -0.0384862 3.03287e-05 -0.0355
27 0 -0.0234138 0.000188337 -0.0355
39 0 -0.00918105 0.000249753 -0.0355
39 1 -0.00918105 0.000249753 -0.0355
41 0 0.00413688 -0.00026098 -0.0355
41 1 0.00413688 -0.00026098 -0.0355
81 0 0.0167732 0.000297868 -0.0355
83 0 0.0289892 0.000115259 -0.0355
95 0 0.0408627 0.00035902 -0.0355
57 0 -0.0383667 0.000212777 0.0355
59 0 -0.0234277 0.000649634 0.0355
71 0 -0.00896843 0.000560172 0.0355
71 1 -0.00896843 0.000560172 0.0355
73 0 0.00453817 0.000602474 0.0355
73 1 0.00453817 0.000602474 0.0355
115 0 0.0169832 0.000571594 0.0355
117 0 0.0289901 0.000611775 0.0355
131 0 0.0408893 0.000665364 0.0355
90 0 0.0469484 -0.00612978 -0.0304998
93 0 0.0469863 -0.00597757 -0.0189487
94 0 0.0469864 -0.00594044 -0.00698021
97 0 0.047 0.00380006 -0.0294009
101 0 0.047 0.00399492 -0.0185316
102 0 0.047 0.00400928 -0.00702604
121 0 0.0469874 -0.0059092 0.00554687
122 0 0.0469863 -0.00597758 0.0179333
124 0 0.0469733 -0.00611207 0.0298044
127 0 0.047 0.00401133 0.00554687
128 0 0.047 0.00401133 0.0175231
133 0 0.047 0.00383165 0.0288997
