1 120 0
1 140 0
1 160 0
1 180 0
1 200 0
1 220 0
1 240 0
1 260 0
1 280 0
1 300 0
1 320 0
1 340 0
2 140 0
2 160 0
2 180 0
2 200 0
2 220 0
2 240 0
2 260 0
2 280 0
2 300 0
2 320 0
2 340 0
3 160 0
3 180 0
3 200 0
3 220 0
3 240 0
3 260 0
3 280 0
3 300 0
3 320 0
3 340 0
10 0 0
10 20 0
10 220 0
10 240 0
10 260 0
10 280 0
10 300 0
10 320 0
10 340 0
11 0 0
11 20 0
11 40 0
11 200 0
11 220 0
11 240 0
11 260 0
11 280 0
11 300 0
11 320 0
11 340 0
12 0 0
12 20 0
12 40 0
12 60 0
12 220 0
12 240 0
12 260 0
12 280 0
12 300 0
12 320 0
12 340 0
19 120 0
19 140 0
19 160 0
19 180 0
19 200 0
19 220 0
19 240 0
19 260 0
19 280 0
19 300 0
19 320 0
20 120 0
20 140 0
20 160 0
20 180 0
20 200 0
20 220 0
20 240 0
20 260 0
20 280 0
20 300 0
21 140 0
21 160 0
21 180 0
21 200 0
21 220 0
21 240 0
21 260 0
21 280 0
21 300 0
21 320 0
22 160 0
22 180 0
22 200 0
22 220 0
22 240 0
22 260 0
22 280 0
22 300 0
22 320 0
23 140 0
23 160 0
23 180 0
23 200 0
23 220 0
23 240 0
23 260 0
23 280 0
23 300 0
24 160 0
24 180 0
24 200 0
24 260 1
24 280 1
24 300 1
33 120 0
33 140 0
33 160 0
33 180 0
33 200 0
33 220 0
33 240 0
34 120 0
34 140 0
34 160 0
34 180 0
34 200 0
34 220 0
34 240 0
35 140 0
35 160 0
35 180 0
35 200 0
35 220 0
36 160 0
36 180 0
36 200 0
37 140 0
37 160 0
37 180 0
37 200 0
37 220 0
38 160 0
38 180 0
38 200 0
47 0 0
47 20 0
47 220 0
47 240 0
47 260 0
47 280 0
47 300 0
47 320 0
47 340 0
48 0 0
48 20 0
48 40 0
48 220 0
48 240 0
48 260 0
48 280 0
48 300 0
48 320 0
48 340 0
49 0 0
49 20 0
49 340 0
49 260 1
49 280 1
49 300 1
50 0 0
50 20 0
50 40 0
50 260 0
50 280 0
50 300 0
50 320 0
50 340 0
51 0 0
51 20 0
51 40 0
51 60 0
51 220 0
51 240 0
51 260 0
51 280 0
51 300 0
51 320 0
51 340 0
52 0 0
52 20 0
52 40 0
52 60 0
52 260 0
52 280 0
52 300 0
52 320 0
52 340 0
61 0 0
61 20 0
61 340 0
62 0 0
62 20 0
62 40 0
62 320 0
62 340 0
63 0 0
63 20 0
63 340 0
64 0 0
64 20 0
64 40 0
64 320 0
64 340 0
65 0 0
65 20 0
65 40 0
65 60 0
65 300 0
65 320 0
65 340 0
66 0 0
66 20 0
66 40 0
66 60 0
66 300 0
66 320 0
66 340 0
75 80 0
75 100 0
75 120 0
75 140 0
75 160 0
75 180 0
75 200 0
75 220 0
75 240 0
76 60 0
76 80 0
76 100 0
76 120 0
76 140 0
76 160 0
76 180 0
76 200 0
76 220 0
76 240 0
77 80 0
77 100 0
77 120 0
77 140 0
77 160 0
77 180 0
77 200 0
77 220 0
78 80 0
78 100 0
78 160 1
78 180 1
78 200 1
79 60 0
79 80 0
79 100 0
79 120 0
79 140 0
79 160 0
79 180 0
79 200 0
79 220 0
80 60 0
80 80 0
80 100 0
80 120 0
80 140 0
80 160 0
80 180 0
80 200 0
89 40 0
89 60 0
89 80 0
89 100 0
89 120 0
89 140 0
89 160 0
89 180 0
89 200 0
89 220 0
89 240 0
91 40 0
91 60 0
91 80 0
91 100 0
91 120 0
91 140 0
91 160 0
91 180 0
91 200 0
91 220 0
92 40 0
92 60 0
92 80 0
92 100 0
92 120 0
92 140 0
92 160 0
92 180 0
92 200 0
105 0 0
105 20 0
105 340 0
105 80 1
105 100 1
106 0 0
106 20 0
106 40 0
106 60 0
106 80 0
106 100 0
106 120 0
106 320 0
106 340 0
107 0 0
107 20 0
107 40 0
107 60 0
107 80 0
107 100 0
107 120 0
107 140 0
107 340 0
108 0 0
108 20 0
108 40 0
108 60 0
108 80 0
108 100 0
108 120 0
108 140 0
108 320 0
108 340 0
109 0 0
109 20 0
109 40 0
109 60 0
109 80 0
109 100 0
109 300 0
109 320 0
109 340 0
110 0 0
110 20 0
110 40 0
110 60 0
110 80 0
110 100 0
110 120 0
110 140 0
110 300 0
110 320 0
110 340 0
119 0 0
119 20 0
119 40 0
119 60 0
119 80 0
119 100 0
119 120 0
119 140 0
119 160 0
119 340 0
120 0 0
120 20 0
120 40 0
120 60 0
120 80 0
120 100 0
120 120 0
120 140 0
120 160 0
120 320 0
120 340 0
123 0 0
123 20 0
123 40 0
123 60 0
123 80 0
123 100 0
123 120 0
123 140 0
123 160 0
123 300 0
123 320 0
123 340 0
4 40 0
4 60 0
4 80 0
4 100 0
4 120 0
4 140 0
4 160 0
4 180 0
4 200 0
4 220 0
4 240 0
4 260 0
4 280 0
4 300 0
4 320 0
6 40 0
6 60 0
6 80 0
6 100 0
6 120 0
6 140 0
6 160 0
6 180 0
6 200 0
6 220 0
6 240 0
6 260 0
6 280 0
6 300 0
6 320 0
7 40 0
7 60 0
7 80 0
7 100 0
7 120 0
7 140 0
7 160 0
7 180 0
7 200 0
7 220 0
7 240 0
7 260 0
7 280 0
7 300 0
7 320 0
13 0 0
13 20 0
13 40 0
13 60 0
13 80 0
13 100 0
13 120 0
13 140 0
13 220 0
13 240 0
13 260 0
13 280 0
13 300 0
13 320 0
13 340 0
14 0 0
14 20 0
14 40 0
14 60 0
14 80 0
14 100 0
14 120 0
14 140 0
14 220 0
14 240 0
14 260 0
14 280 0
14 300 0
14 320 0
14 340 0
17 0 0
17 20 0
17 40 0
17 60 0
17 80 0
17 100 0
17 120 0
17 140 0
17 220 0
17 240 0
17 260 0
17 280 0
17 300 0
17 320 0
17 340 0
5 40 0
5 60 0
5 80 0
5 100 0
5 120 0
5 140 0
5 160 0
5 180 0
5 200 0
5 220 0
5 240 0
5 260 0
8 40 0
8 60 0
8 80 0
8 100 0
8 120 0
8 140 0
8 160 0
8 180 0
8 200 0
8 220 0
8 240 0
9 40 0
9 60 0
9 80 0
9 100 0
9 120 0
9 140 0
9 160 0
9 180 0
9 200 0
9 220 0
15 0 0
15 20 0
15 40 0
15 60 0
15 80 0
15 100 0
15 120 0
15 140 0
15 160 0
16 0 0
16 20 0
16 40 0
16 60 0
16 80 0
16 100 0
16 120 0
16 140 0
16 160 0
16 340 0
18 0 0
18 20 0
18 40 0
18 60 0
18 80 0
18 100 0
18 120 0
18 140 0
18 160 0
18 320 0
18 340 0
26 60 0
26 80 0
26 100 0
26 120 0
26 140 0
26 160 0
26 180 0
26 200 0
26 220 0
26 240 0
26 260 0
28 80 0
28 100 0
28 120 0
28 140 0
28 160 0
28 180 0
28 200 0
28 220 0
28 240 0
28 260 0
29 60 0
29 80 0
29 100 0
29 120 0
29 140 0
29 160 0
29 180 0
29 200 0
29 220 0
29 240 0
30 60 0
30 80 0
30 100 0
30 120 0
30 140 0
30 160 0
30 180 0
30 200 0
30 220 0
31 80 0
31 100 0
31 120 0
31 140 0
31 160 0
31 180 0
31 200 0
31 220 0
31 240 0
32 80 0
32 100 0
32 120 0
32 180 1
32 200 1
32 220 1
40 140 0
40 160 0
40 180 0
40 200 0
40 220 0
40 240 0
40 260 0
42 140 0
42 160 0
42 180 0
42 200 0
42 220 0
42 240 0
42 260 0
43 160 0
43 180 0
43 200 0
43 220 0
43 240 0
44 180 0
44 200 0
44 220 0
45 140 0
45 160 0
45 180 0
45 200 0
45 220 0
45 240 0
46 180 0
46 200 0
46 220 0
53 0 0
53 20 0
53 40 0
53 60 0
53 80 0
53 100 0
53 120 0
53 140 0
54 0 0
54 20 0
54 40 0
54 60 0
54 80 0
54 100 0
54 120 0
54 140 0
54 340 0
55 0 0
55 20 0
55 80 1
55 100 1
55 120 1
56 0 0
56 20 0
56 40 0
56 60 0
56 80 0
56 100 0
56 120 0
56 340 0
58 0 0
58 20 0
58 40 0
58 60 0
58 80 0
58 100 0
58 120 0
58 140 0
58 320 0
58 340 0
60 0 0
60 20 0
60 40 0
60 60 0
60 80 0
60 100 0
60 120 0
60 320 0
60 340 0
67 0 0
67 20 0
68 0 0
68 20 0
68 40 0
68 60 0
68 340 0
69 0 0
69 20 0
72 0 0
72 20 0
72 40 0
72 60 0
72 80 0
72 320 0
72 340 0
74 0 0
74 20 0
74 40 0
74 60 0
74 80 0
74 320 0
74 340 0
82 140 0
82 160 0
82 180 0
82 200 0
82 220 0
82 240 0
82 260 0
82 280 0
82 300 0
84 140 0
84 160 0
84 180 0
84 200 0
84 220 0
84 240 0
84 260 0
84 280 0
84 300 0
84 320 0
85 140 0
85 160 0
85 180 0
85 200 0
85 220 0
85 240 0
85 260 0
85 280 0
85 300 0
86 180 0
86 200 0
86 220 0
86 260 1
86 280 1
86 300 1
87 140 0
87 160 0
87 180 0
87 200 0
87 220 0
87 240 0
87 260 0
87 280 0
87 300 0
87 320 0
88 180 0
88 200 0
88 220 0
88 240 0
88 260 0
88 280 0
88 300 0
88 320 0
96 140 0
96 160 0
96 180 0
96 200 0
96 220 0
96 240 0
96 260 0
96 280 0
96 300 0
96 320 0
96 340 0
98 140 0
98 160 0
98 180 0
98 200 0
98 220 0
98 240 0
98 260 0
98 280 0
98 300 0
98 320 0
98 340 0
99 160 0
99 180 0
99 200 0
99 220 0
99 240 0
99 260 0
99 280 0
99 300 0
99 320 0
99 340 0
100 180 0
100 200 0
100 220 0
100 240 0
100 260 0
100 280 0
100 300 0
100 320 0
100 340 0
103 140 0
103 160 0
103 180 0
103 200 0
103 220 0
103 240 0
103 260 0
103 280 0
103 300 0
103 320 0
103 340 0
104 180 0
104 200 0
104 220 0
104 240 0
104 260 0
104 280 0
104 300 0
104 320 0
104 340 0
111 0 0
111 20 0
111 260 1
111 280 1
111 300 1
112 0 0
112 20 0
112 40 0
112 60 0
112 260 0
112 280 0
112 300 0
112 320 0
112 340 0
113 0 0
113 20 0
113 240 0
113 260 0
113 280 0
113 300 0
113 320 0
113 340 0
114 0 0
114 20 0
114 40 0
114 60 0
114 240 0
114 260 0
114 280 0
114 300 0
114 320 0
114 340 0
116 0 0
116 20 0
116 40 0
116 60 0
116 80 0
116 260 0
116 280 0
116 300 0
116 320 0
116 340 0
118 0 0
118 20 0
118 40 0
118 60 0
118 80 0
118 240 0
118 260 0
118 280 0
118 300 0
118 320 0
118 340 0
125 0 0
125 20 0
125 40 0
125 240 0
125 260 0
125 280 0
125 300 0
125 320 0
125 340 0
126 0 0
126 20 0
126 40 0
126 60 0
126 220 0
126 240 0
126 260 0
126 280 0
126 300 0
126 320 0
126 340 0
129 0 0
129 20 0
129 220 0
129 240 0
129 260 0
129 280 0
129 300 0
129 320 0
129 340 0
130 0 0
130 20 0
130 40 0
130 60 0
130 220 0
130 240 0
130 260 0
130 280 0
130 300 0
130 320 0
130 340 0
132 0 0
132 20 0
132 40 0
132 60 0
132 80 0
132 240 0
132 260 0
132 280 0
132 300 0
132 320 0
132 340 0
134 0 0
134 20 0
134 40 0
134 60 0
134 80 0
134 220 0
134 240 0
134 260 0
134 280 0
134 300 0
134 320 0
134 340 0
25 0 0
25 20 0
25 40 0
25 60 0
25 80 0
25 100 0
25 120 0
25 140 0
25 220 0
25 240 0
25 260 0
25 280 0
25 300 0
25 320 0
25 340 0
27 0 0
27 20 0
27 40 0
27 60 0
27 80 0
27 100 0
27 120 0
27 140 0
27 220 0
27 240 0
27 260 0
27 280 0
27 300 0
27 320 0
27 340 0
39 40 0
39 60 0
39 80 0
39 100 0
39 120 0
39 140 0
39 220 1
39 240 1
39 260 1
39 280 1
39 300 1
39 320 1
41 40 0
41 60 0
41 80 0
41 100 0
41 120 0
41 140 0
41 220 1
41 240 1
41 260 1
41 280 1
41 300 1
41 320 1
81 40 0
81 60 0
81 80 0
81 100 0
81 120 0
81 140 0
81 160 0
81 180 0
81 200 0
81 220 0
81 240 0
81 260 0
81 280 0
81 300 0
81 320 0
83 40 0
83 60 0
83 80 0
83 100 0
83 120 0
83 140 0
83 160 0
83 180 0
83 200 0
83 220 0
83 240 0
83 260 0
83 280 0
83 300 0
83 320 0
95 40 0
95 60 0
95 80 0
95 100 0
95 120 0
95 140 0
95 160 0
95 180 0
95 200 0
95 220 0
95 240 0
95 260 0
95 280 0
95 300 0
95 320 0
57 40 0
57 60 0
57 80 0
57 100 0
57 120 0
57 140 0
57 160 0
57 180 0
57 200 0
57 220 0
57 240 0
57 260 0
57 280 0
57 300 0
57 320 0
59 40 0
59 60 0
59 80 0
59 100 0
59 120 0
59 140 0
59 160 0
59 180 0
59 200 0
59 220 0
59 240 0
59 260 0
59 280 0
59 300 0
59 320 0
71 40 0
71 60 0
71 80 0
71 100 0
71 120 0
71 140 0
71 220 1
71 240 1
71 260 1
71 280 1
71 300 1
71 320 1
73 40 0
73 60 0
73 80 0
73 100 0
73 120 0
73 140 0
73 220 1
73 240 1
73 260 1
73 280 1
73 300 1
73 320 1
115 0 0
115 20 0
115 40 0
115 60 0
115 80 0
115 100 0
115 120 0
115 140 0
115 220 0
115 240 0
115 260 0
115 280 0
115 300 0
115 320 0
115 340 0
117 0 0
117 20 0
117 40 0
117 60 0
117 80 0
117 100 0
117 120 0
117 140 0
117 220 0
117 240 0
117 260 0
117 280 0
117 300 0
117 320 0
117 340 0
131 0 0
131 20 0
131 40 0
131 60 0
131 80 0
131 100 0
131 120 0
131 140 0
131 220 0
131 240 0
131 260 0
131 280 0
131 300 0
131 320 0
131 340 0
90 40 0
90 60 0
90 80 0
90 100 0
90 120 0
90 140 0
90 160 0
90 180 0
90 200 0
90 220 0
90 240 0
90 260 0
90 280 0
90 300 0
90 320 0
90 340 0
93 40 0
93 60 0
93 80 0
93 100 0
93 120 0
93 140 0
93 160 0
93 180 0
93 200 0
93 220 0
93 240 0
93 260 0
93 280 0
93 300 0
93 320 0
93 340 0
94 40 0
94 60 0
94 80 0
94 100 0
94 120 0
94 140 0
94 160 0
94 180 0
94 200 0
94 220 0
94 240 0
94 260 0
94 280 0
94 300 0
94 320 0
94 340 0
97 40 0
97 60 0
97 80 0
97 100 0
97 120 0
97 140 0
97 160 0
97 180 0
97 200 0
97 220 0
97 240 0
97 260 0
97 280 0
97 300 0
97 320 0
101 40 0
101 60 0
101 80 0
101 100 0
101 120 0
101 140 0
101 160 0
101 180 0
101 200 0
101 220 0
101 240 0
101 260 0
101 280 0
101 300 0
101 320 0
102 20 0
102 40 0
102 60 0
102 80 0
102 100 0
102 120 0
102 140 0
102 160 0
102 180 0
102 200 0
102 220 0
102 240 0
102 260 0
102 280 0
102 300 0
102 320 0
121 0 0
121 20 0
121 40 0
121 60 0
121 80 0
121 100 0
121 120 0
121 140 0
121 200 0
121 220 0
121 240 0
121 260 0
121 280 0
121 300 0
121 320 0
121 340 0
122 0 0
122 20 0
122 40 0
122 60 0
122 80 0
122 100 0
122 120 0
122 140 0
122 200 0
122 220 0
122 240 0
122 260 0
122 280 0
122 300 0
122 320 0
122 340 0
124 0 0
124 20 0
124 40 0
124 60 0
124 80 0
124 100 0
124 120 0
124 140 0
124 200 0
124 220 0
124 240 0
124 260 0
124 280 0
124 300 0
124 320 0
124 340 0
127 0 0
127 20 0
127 40 0
127 60 0
127 80 0
127 100 0
127 120 0
127 140 0
127 160 0
127 220 0
127 240 0
127 260 0
127 280 0
127 300 0
127 320 0
127 340 0
128 0 0
128 20 0
128 40 0
128 60 0
128 80 0
128 100 0
128 120 0
128 140 0
128 160 0
128 220 0
128 240 0
128 260 0
128 280 0
128 300 0
128 320 0
128 340 0
133 0 0
133 20 0
133 40 0
133 60 0
133 80 0
133 100 0
133 120 0
133 140 0
133 220 0
133 240 0
133 260 0
133 280 0
133 300 0
133 320 0
133 340 0
